0, 1
0, 2
0, 3
0, 4
0, 5
0, 6
7, 8, 9
7, 10, 11
7, 12, 13
14, 15, 16
14, 15, 17
14, 15, 18
14, 15, 19
14, 15, 20
14, 15, 21
14, 15, 22
14, 15, 23
14, 24, 25
14, 24, 26
14, 24, 27
14, 24, 28
14, 24, 29
14, 24, 30
14, 24, 31
14, 32, 33
14, 32, 34
36, 37, 38, 39
36, 37, 38, 40
36, 37, 38, 41
36, 37, 42, 43
36, 37, 42, 44
36, 37, 42, 45
36, 37, 42, 46
36, 48, 49
36, 48, 50
36, 48, 51
53, 54, 55
53, 56, 57
53, 58, 59
53, 58, 60
53, 58, 61
53, 58, 62
53, 58, 63
53, 58, 64
53, 65, 66
53, 65, 67
53, 65, 68
53, 65, 69
70, 71
70, 72
73, 74
73, 75
76, 77, 78, 79
76, 77, 80, 81
76, 82, 83
76, 82, 84
76, 82, 85
76, 82, 86
76, 82, 87
76, 88, 89
76, 88, 90, 91
76, 88, 90, 92
76, 88, 90, 93
76, 88, 90, 94
76, 88, 90, 95
76, 88, 96, 97
76, 88, 98, 99
76, 88, 100, 101
76, 88, 100, 102
103, 104
103, 105, 106
103, 107, 108, 109
103, 107, 110, 111
103, 107, 110, 112
103, 107, 110, 113
103, 107, 110, 114
103, 107, 115, 116
103, 107, 115, 117
103, 107, 115, 118
103, 107, 115, 119
103, 107, 120, 121
103, 107, 120, 122
103, 107, 123, 124
103, 107, 125, 126
103, 107, 125, 127
103, 107, 125, 128
103, 107, 125, 129
103, 107, 125, 130
103, 107, 125, 131
103, 107, 125, 132
103, 107, 125, 133
134, 135, 136
134, 135, 137
134, 135, 138
134, 135, 139
134, 135, 140
134, 141, 142
134, 141, 143
134, 141, 144
145, 146
147, 148